,traveltime,studytime,have_failed,schoolsup,activities,higher,freetime,G3
0,2,2,False,1,0,1,3,6
1,1,2,False,0,0,1,3,6
2,1,2,True,1,0,1,3,10
3,1,3,False,0,1,1,2,15
4,1,2,False,0,0,1,3,10
5,1,2,False,0,1,1,4,15
6,1,2,False,0,0,1,4,11
7,2,2,False,1,0,1,1,6
8,1,2,False,0,0,1,2,19
9,1,2,False,0,1,1,5,15
10,1,2,False,0,0,1,3,9
11,3,3,False,0,1,1,2,12
12,1,1,False,0,1,1,3,14
13,2,2,False,0,0,1,4,11
14,1,3,False,0,0,1,5,16
15,1,1,False,0,0,1,4,14
16,1,3,False,0,1,1,2,14
17,3,2,False,1,1,1,3,10
18,1,1,True,0,1,1,5,5
19,1,1,False,0,1,1,1,10
20,1,2,False,0,0,1,4,15
21,1,1,False,0,0,1,4,15
22,1,2,False,0,1,1,5,16
23,2,2,False,0,1,1,4,12
24,1,3,False,1,1,1,3,8
25,1,1,True,0,0,1,2,8
26,1,1,False,0,0,1,2,11
27,1,1,False,0,0,1,2,15
28,1,2,False,1,1,1,3,11
29,1,2,False,0,1,1,4,11
30,1,2,False,0,0,1,4,12
31,2,2,False,0,1,1,3,17
32,1,2,False,0,1,1,5,16
33,1,2,False,0,1,1,3,12
34,1,1,False,0,0,1,4,15
35,2,1,False,0,1,1,5,6
36,1,3,False,0,1,1,4,18
37,2,3,False,0,1,1,4,15
38,1,3,False,1,1,1,3,11
39,1,1,False,1,1,1,3,13
40,2,2,True,0,1,1,3,11
41,1,1,False,0,0,1,4,12
42,1,2,False,0,1,1,3,18
43,1,1,False,1,0,1,4,11
44,2,2,True,1,1,1,3,9
45,1,2,False,1,1,1,2,6
46,1,2,False,0,0,1,3,11
47,1,4,False,0,1,1,2,20
48,1,2,False,0,0,1,3,14
49,1,2,True,1,1,1,4,7
50,3,2,False,0,0,1,3,13
51,1,2,False,0,0,1,3,13
52,2,1,True,0,0,1,5,10
53,1,1,False,1,0,1,3,11
54,1,1,False,0,0,1,3,13
55,1,2,False,0,1,1,3,10
56,1,2,False,0,1,1,3,15
57,1,2,False,0,1,1,2,15
58,1,2,False,1,1,1,3,9
59,1,2,False,0,0,1,2,16
60,1,2,False,0,1,1,4,11
61,4,1,False,1,1,1,5,11
62,1,2,False,1,1,1,4,9
63,1,3,False,1,1,1,4,9
64,1,2,False,1,1,1,4,10
65,3,2,False,0,1,1,4,15
66,1,4,False,0,1,1,3,12
67,1,4,False,1,0,1,3,6
68,2,2,False,1,0,1,1,8
69,2,4,False,0,0,1,4,16
70,2,4,False,0,0,1,3,15
71,1,4,False,0,0,1,3,10
72,1,2,True,1,0,1,3,5
73,1,1,False,0,1,1,3,14
74,1,2,False,1,1,1,3,11
75,1,2,False,0,1,1,3,10
76,2,4,False,0,1,1,4,10
77,1,4,False,0,0,1,2,11
78,2,1,True,1,1,0,5,10
79,1,2,False,0,0,1,4,5
80,1,1,False,1,1,1,2,12
81,1,3,False,1,0,1,3,11
82,1,2,False,0,0,1,4,6
83,2,2,False,0,1,1,3,15
84,1,2,False,0,1,1,3,10
85,2,2,True,0,0,1,4,8
86,1,2,False,0,0,1,3,6
87,1,3,False,0,1,1,3,14
88,2,2,True,0,1,1,4,10
89,1,2,False,0,0,1,1,7
90,1,3,False,0,0,1,3,8
91,1,1,False,0,1,1,5,18
92,1,2,False,1,0,1,3,6
93,2,2,False,0,1,1,3,10
94,1,4,False,0,1,1,3,14
95,2,4,True,1,1,1,1,10
96,2,1,False,1,1,1,3,15
97,1,2,False,0,0,1,3,10
98,1,1,False,0,1,1,3,14
99,1,3,False,1,0,1,3,8
100,1,1,False,1,1,1,5,5
101,1,3,False,0,1,1,4,17
102,1,1,False,0,1,1,3,14
103,2,2,False,1,0,1,3,6
104,1,2,False,0,1,1,4,18
105,1,4,False,1,0,1,3,11
106,1,4,False,1,0,1,1,8
107,1,3,False,0,1,1,3,18
108,4,4,False,0,1,1,3,13
109,1,3,False,0,1,1,4,16
110,1,1,False,0,1,1,5,19
111,1,3,True,1,1,1,1,10
112,1,2,True,1,1,1,1,13
113,1,1,False,0,0,1,5,19
114,1,2,False,0,1,1,4,9
115,1,2,False,0,1,1,4,16
116,2,2,False,0,1,1,4,14
117,2,1,False,0,1,1,4,13
118,3,2,True,0,1,1,2,8
119,1,1,False,0,0,1,4,13
120,1,2,False,0,0,1,2,15
121,1,4,False,0,1,1,5,15
122,2,2,False,0,1,1,2,13
123,1,1,False,0,1,1,4,13
124,1,2,False,0,0,1,4,8
125,1,1,False,1,0,1,5,12
126,1,2,False,1,1,1,3,11
127,1,2,True,0,0,0,4,9
128,1,1,True,0,1,1,3,0
129,1,1,False,0,1,1,5,18
130,2,3,True,0,0,1,2,0
131,3,1,False,0,1,1,3,0
132,1,1,False,0,0,1,4,12
133,1,1,False,0,0,1,2,11
134,4,2,False,0,0,1,3,0
135,1,3,False,0,1,1,3,0
136,3,2,False,0,0,1,4,0
137,2,1,True,0,1,1,3,0
138,1,2,True,0,0,1,4,12
139,2,1,False,0,1,1,3,15
140,2,4,False,1,0,1,2,0
141,2,1,True,0,1,1,3,9
142,1,3,False,0,1,1,2,11
143,1,1,False,0,0,1,4,13
144,1,1,True,0,0,1,4,0
145,1,2,False,0,0,1,4,11
146,1,2,True,0,0,1,3,0
147,1,2,False,0,0,1,3,11
148,1,1,False,0,0,0,3,0
149,4,1,True,0,0,1,5,10
150,1,1,True,0,0,0,3,0
151,1,1,True,0,1,1,4,14
152,2,3,True,0,1,1,2,10
153,1,1,True,0,0,0,5,0
154,1,1,False,1,0,1,2,12
155,1,2,False,1,1,1,4,8
156,1,1,False,0,0,1,2,13
157,3,1,True,0,1,1,2,10
158,3,1,False,0,0,1,2,15
159,1,2,True,0,0,1,5,12
160,2,1,True,0,1,0,3,0
161,2,2,True,1,0,1,4,7
162,2,1,True,0,1,1,4,0
163,1,1,False,0,0,0,3,10
164,4,2,True,0,1,0,3,7
165,2,1,True,0,1,0,5,12
166,1,2,False,0,0,0,3,10
167,1,2,False,0,0,1,2,16
168,1,2,False,0,0,1,1,0
169,1,2,False,0,0,1,4,14
170,3,1,True,0,1,1,4,0
171,2,2,False,0,1,1,3,16
172,1,2,False,0,1,1,4,10
173,1,2,True,0,1,1,3,0
174,2,2,False,0,1,1,4,9
175,2,2,False,0,1,1,4,9
176,2,2,False,0,1,1,4,11
177,1,2,False,0,1,1,3,6
178,1,1,False,0,1,1,3,9
179,1,2,False,0,1,1,2,11
180,1,2,False,0,1,1,4,8
181,1,2,False,0,1,1,2,12
182,1,2,False,0,1,1,4,17
183,1,2,False,0,1,1,3,8
184,1,2,False,0,0,1,2,12
185,1,2,False,0,1,1,3,11
186,1,1,False,0,1,1,3,11
187,1,2,False,0,1,1,2,15
188,1,2,False,0,0,1,3,9
189,1,2,False,0,0,1,1,10
190,1,2,False,0,0,1,3,13
191,1,2,False,0,1,1,3,9
192,2,2,False,0,1,1,4,8
193,1,1,False,0,1,1,3,10
194,2,1,False,0,0,1,3,14
195,1,2,False,0,1,1,3,15
196,1,1,False,0,0,1,2,16
197,3,1,False,0,1,1,3,10
198,2,1,True,0,0,1,2,18
199,1,2,False,0,0,1,5,10
200,1,2,False,0,1,1,3,16
201,1,2,False,1,1,1,4,10
202,1,2,False,0,0,1,4,10
203,1,1,False,0,0,1,3,6
204,2,4,False,0,1,1,3,11
205,1,3,True,0,0,1,4,9
206,1,2,True,0,0,1,3,7
207,1,2,False,0,1,1,3,13
208,2,1,False,0,0,1,3,10
209,2,3,False,0,1,1,4,7
210,1,4,False,0,1,1,3,8
211,1,2,False,0,0,1,3,13
212,1,2,False,1,0,1,3,14
213,1,2,True,0,1,1,4,8
214,1,1,False,0,0,1,2,10
215,2,2,False,0,0,1,4,15
216,1,2,True,0,0,1,4,4
217,1,2,True,0,0,1,2,8
218,2,1,False,0,0,1,3,8
219,1,3,False,0,1,1,3,10
220,2,2,False,0,1,1,2,6
221,1,3,True,0,1,1,3,0
222,1,2,False,1,0,1,3,17
223,2,2,False,0,0,1,3,13
224,1,3,False,0,1,1,3,14
225,1,2,True,0,1,1,3,7
226,1,2,False,0,1,1,3,15
227,1,2,False,0,0,1,3,12
228,4,2,False,1,1,1,3,9
229,2,3,False,0,1,1,2,12
230,1,2,False,0,1,1,2,14
231,2,2,False,0,1,1,5,11
232,1,2,False,1,1,1,5,9
233,1,2,False,0,1,1,2,13
234,2,2,False,0,0,1,4,6
235,2,3,False,0,1,1,3,10
236,1,2,False,0,1,1,4,13
237,1,1,False,0,0,1,5,12
238,3,2,False,0,1,1,1,11
239,1,2,True,0,0,0,5,0
240,2,2,False,0,1,1,5,12
241,2,2,False,0,0,1,3,12
242,1,1,False,0,1,1,4,0
243,1,1,False,0,1,1,3,12
244,2,3,False,0,0,1,4,0
245,3,1,False,0,0,1,3,18
246,2,1,False,0,0,1,2,13
247,1,1,True,0,0,0,4,8
248,1,2,True,0,0,1,3,5
249,1,1,False,0,0,1,3,15
250,2,1,True,0,0,0,4,8
251,3,2,False,1,0,1,3,10
252,1,1,True,0,0,0,2,8
253,2,1,False,0,1,1,3,8
254,1,1,False,0,0,1,4,12
255,2,1,True,0,1,1,4,8
256,1,4,False,0,1,1,2,13
257,1,2,False,0,0,1,3,11
258,1,2,False,0,1,1,2,14
259,1,4,False,0,1,1,4,0
260,1,2,False,0,0,1,1,18
261,1,2,False,0,0,1,3,8
262,1,3,False,0,1,1,3,12
263,1,3,False,0,1,1,2,9
264,1,3,False,0,1,1,3,0
265,2,2,False,0,1,1,2,17
266,1,2,False,0,1,1,4,10
267,2,2,False,0,1,1,3,11
268,1,2,False,0,1,1,4,10
269,2,2,False,0,0,0,3,0
270,1,2,True,0,1,1,3,9
271,1,4,False,0,1,1,5,14
272,2,2,False,0,0,1,4,11
273,1,2,False,0,1,1,5,14
274,2,2,False,0,0,1,3,10
275,2,2,False,1,0,1,4,12
276,2,2,False,0,0,0,1,9
277,2,1,False,0,1,1,2,9
278,1,2,True,1,1,1,4,8
279,2,1,False,0,1,1,2,10
280,2,1,False,0,1,1,5,8
281,1,1,True,0,0,1,4,10
282,2,4,False,0,1,1,2,12
283,2,2,False,1,1,1,4,10
284,1,2,False,0,0,1,4,11
285,1,2,False,0,0,1,3,11
286,1,3,False,0,0,1,3,19
287,1,3,False,0,0,1,3,12
288,1,3,False,0,1,1,2,14
289,1,2,False,0,1,1,4,15
290,1,2,False,0,1,1,3,11
291,1,3,False,0,0,1,2,15
292,1,2,True,0,0,1,4,13
293,2,4,False,0,0,1,1,18
294,2,3,False,0,1,1,4,14
295,1,1,False,0,0,1,4,11
296,2,2,False,0,1,1,3,0
297,2,2,False,0,0,1,4,8
298,1,4,False,0,0,1,3,14
299,1,1,False,0,0,1,4,16
300,1,2,False,0,0,1,2,11
301,2,1,False,0,0,1,1,10
302,2,3,False,0,0,1,3,14
303,1,4,False,0,1,1,2,18
304,1,2,True,0,1,1,4,13
305,1,2,True,0,1,1,4,12
306,1,1,False,0,1,1,5,18
307,2,1,True,0,0,1,3,8
308,1,2,True,0,1,1,5,12
309,1,2,True,1,1,1,4,10
310,1,2,True,0,1,1,2,0
311,3,2,False,0,0,0,4,13
312,1,2,True,0,0,1,5,11
313,2,2,True,0,0,1,2,11
314,1,3,True,0,0,1,1,13
315,1,3,True,0,0,1,1,11
316,2,2,False,0,1,1,3,0
317,1,3,False,0,1,1,3,9
318,1,3,False,0,1,1,3,10
319,1,2,False,0,0,1,4,11
320,1,2,False,0,0,1,2,13
321,1,2,False,0,0,1,2,9
322,1,3,False,0,1,1,3,11
323,1,3,False,0,0,1,4,15
324,2,3,False,0,0,1,3,15
325,1,3,False,0,1,1,3,11
326,1,1,False,0,1,1,3,16
327,4,1,False,0,0,1,4,10
328,1,3,False,0,1,1,4,9
329,2,3,False,0,0,1,3,14
330,1,4,False,0,1,1,5,8
331,1,3,False,0,0,1,4,14
332,1,2,False,0,1,1,3,0
333,1,2,False,0,1,1,3,0
334,2,4,False,0,1,1,4,0
335,1,3,False,0,0,1,4,15
336,1,3,True,0,0,1,4,13
337,1,2,False,0,0,1,3,0
338,1,4,False,0,0,1,3,17
339,1,2,False,0,0,1,3,10
340,1,3,True,0,1,1,3,11
341,1,2,True,0,1,1,3,0
342,1,2,False,0,1,1,3,15
343,1,2,True,0,0,1,3,0
344,1,3,False,0,0,1,3,10
345,1,3,False,0,0,1,4,14
346,1,3,False,0,0,1,3,16
347,1,3,False,0,0,1,4,9
348,1,3,False,0,1,1,4,15
349,2,1,True,0,0,1,5,13
350,3,2,True,0,0,1,4,8
351,2,2,False,0,0,1,5,13
352,1,1,True,0,0,0,3,8
353,3,1,True,0,0,1,4,8
354,2,2,False,0,1,1,5,11
355,1,2,False,0,0,1,3,9
356,2,2,False,0,1,1,3,13
357,2,2,False,0,0,1,2,11
358,2,1,False,0,0,1,3,10
359,2,3,False,0,0,1,3,16
360,3,2,False,0,0,1,3,13
361,2,2,True,0,1,0,4,12
362,2,2,False,0,0,1,3,10
363,1,2,False,0,1,1,3,15
364,2,2,False,0,0,1,2,12
365,2,2,False,0,0,1,3,10
366,2,3,False,0,0,1,2,13
367,3,1,True,0,0,1,2,0
368,2,1,False,0,0,1,2,10
369,3,2,False,0,0,1,2,11
370,2,2,True,0,1,1,2,9
371,3,1,False,0,1,0,3,12
372,1,3,False,0,1,1,4,11
373,1,1,False,0,1,1,5,5
374,2,3,False,0,0,1,4,19
375,4,3,False,0,0,1,3,10
376,2,3,True,0,0,1,4,15
377,1,2,False,0,1,1,4,10
378,1,2,False,0,0,1,1,15
379,1,2,False,0,1,1,5,10
380,1,2,False,0,1,1,2,14
381,2,1,False,0,1,1,4,7
382,2,2,False,0,1,1,4,10
383,2,1,True,0,0,1,3,0
384,2,1,True,0,0,1,4,5
385,2,3,False,0,0,1,3,10
386,3,1,False,0,1,1,4,6
387,1,3,True,0,1,1,4,0
388,1,2,False,0,0,1,3,8
389,2,2,True,0,1,1,1,0
390,1,2,True,0,0,1,5,9
391,2,1,False,0,0,1,4,16
392,1,1,True,0,0,1,5,7
393,3,1,False,0,0,1,4,10
394,1,1,False,0,0,1,2,9
395,2,2,False,1,0,1,3,11
396,1,2,False,0,0,1,3,11
397,1,2,False,1,0,1,3,12
398,1,3,False,0,1,1,2,14
399,1,2,False,0,0,1,3,13
400,1,2,False,0,1,1,4,13
401,1,2,False,0,0,1,4,13
402,2,2,False,1,0,1,1,13
403,1,2,False,0,0,1,2,17
404,1,2,False,0,1,1,5,13
405,1,2,False,0,0,1,3,14
406,3,3,False,0,1,1,2,13
407,1,1,False,0,1,1,3,12
408,2,2,False,0,0,1,4,13
409,1,3,False,0,0,1,5,15
410,1,1,False,0,0,1,4,17
411,1,3,False,0,1,1,2,14
412,3,2,False,1,1,1,3,14
413,1,1,True,0,1,1,5,7
414,1,1,False,0,1,1,1,12
415,1,2,False,0,0,1,4,14
416,1,1,False,0,0,1,4,12
417,1,2,False,0,1,1,5,14
418,2,2,False,0,1,1,4,10
419,1,3,False,1,1,1,3,10
420,1,1,False,0,0,1,2,12
421,1,1,False,0,0,1,2,12
422,1,1,False,0,0,1,2,11
423,1,2,False,1,1,1,3,13
424,1,2,False,0,1,1,4,12
425,1,2,False,0,0,1,4,11
426,2,2,False,0,1,1,3,15
427,1,2,False,0,1,1,5,15
428,1,2,False,0,1,1,3,12
429,1,1,False,0,0,1,4,12
430,2,1,False,0,1,1,5,11
431,1,3,False,0,1,1,4,14
432,2,3,False,0,1,1,4,13
433,1,3,False,1,1,1,3,12
434,1,1,False,1,1,1,3,12
435,2,2,False,0,1,1,3,10
436,1,1,False,0,0,1,4,11
437,1,2,False,0,1,1,3,15
438,1,1,False,1,0,1,4,10
439,2,2,True,1,1,1,3,11
440,1,2,False,1,1,1,2,11
441,1,2,False,0,0,1,3,13
442,1,4,False,0,1,1,2,17
443,1,2,False,0,0,1,3,13
444,1,2,False,1,1,1,4,12
445,3,2,False,0,0,1,3,13
446,1,2,False,0,0,1,3,16
447,2,1,False,0,0,1,5,9
448,1,1,False,1,0,1,3,12
449,1,1,False,0,0,1,3,13
450,1,2,False,0,1,1,3,12
451,1,2,False,0,1,1,3,15
452,1,2,False,0,1,1,2,16
453,1,2,False,1,1,1,3,14
454,1,2,False,0,0,1,2,16
455,1,2,False,0,1,1,4,16
456,4,1,False,1,1,1,5,16
457,1,2,False,1,1,1,4,10
458,1,3,False,1,1,1,4,13
459,1,2,False,1,1,1,4,12
460,3,2,False,0,1,1,4,16
461,1,4,False,0,1,1,3,12
462,1,4,False,1,0,1,3,10
463,2,2,False,1,0,1,1,11
464,2,4,False,0,0,1,4,15
465,2,4,False,0,0,1,3,11
466,1,4,False,0,0,1,3,10
467,1,2,False,1,0,1,3,11
468,1,1,False,0,1,1,3,14
469,1,2,False,1,1,1,3,11
470,1,2,False,0,1,1,3,11
471,2,4,False,0,1,1,4,11
472,1,4,False,0,0,1,2,13
473,2,1,True,1,1,0,5,10
474,1,2,False,0,0,1,4,11
475,1,1,False,1,1,1,2,12
476,1,3,False,1,0,1,3,9
477,1,2,False,0,0,1,4,11
478,2,2,False,0,1,1,3,13
479,1,2,False,0,1,1,3,12
480,2,2,False,0,0,1,4,12
481,1,2,False,0,0,1,3,11
482,1,3,False,0,1,1,3,15
483,2,2,False,0,1,1,4,11
484,1,2,False,0,0,1,1,10
485,1,3,False,0,0,1,3,11
486,1,1,False,0,1,1,5,13
487,1,2,False,1,0,1,3,12
488,2,2,False,0,1,1,3,14
489,1,4,False,0,1,1,3,12
490,2,4,False,1,1,1,1,13
491,2,1,False,1,1,1,3,11
492,1,2,False,0,0,1,3,12
493,1,1,False,0,1,1,3,13
494,1,3,False,1,0,1,3,13
495,1,1,False,1,1,1,5,8
496,1,3,False,0,1,1,4,16
497,1,1,False,0,1,1,3,12
498,2,2,False,1,0,1,3,10
499,1,2,False,0,1,1,4,16
500,1,4,False,1,0,1,3,10
501,1,4,False,1,0,1,1,10
502,1,3,False,0,1,1,3,14
503,4,4,False,0,1,1,3,11
504,1,3,False,0,1,1,4,14
505,1,1,False,0,1,1,5,14
506,1,3,False,1,1,1,1,11
507,1,2,True,1,1,1,1,10
508,1,1,False,0,0,1,5,18
509,1,2,False,0,1,1,4,10
510,1,2,False,0,1,1,4,14
511,2,2,False,0,1,1,4,16
512,2,1,False,0,1,1,4,15
513,3,2,True,0,1,1,2,11
514,1,1,False,0,0,1,4,14
515,1,2,False,0,0,1,2,14
516,1,4,False,0,1,1,5,13
517,2,2,False,0,1,1,2,13
518,1,1,False,0,1,1,4,13
519,1,2,False,0,0,1,4,11
520,1,1,False,1,0,1,5,9
521,1,2,False,1,1,1,3,11
522,1,2,True,0,0,0,4,11
523,1,1,False,0,1,1,5,15
524,2,3,False,0,0,1,2,13
525,2,3,False,0,0,1,2,12
526,1,2,True,0,1,0,4,8
527,3,1,False,0,0,1,2,11
528,3,1,False,0,1,1,3,13
529,1,1,False,0,0,1,4,12
530,1,1,False,0,0,1,2,14
531,4,1,False,0,0,1,2,11
532,1,1,True,0,0,1,3,11
533,4,2,False,0,0,1,3,11
534,1,3,False,0,1,1,3,15
535,3,2,False,0,0,1,4,10
536,4,2,False,0,0,1,1,13
537,2,1,False,0,1,1,3,12
538,1,3,False,0,1,1,3,11
539,2,1,False,0,1,1,3,11
540,2,1,False,0,1,1,3,10
541,1,2,True,0,0,1,4,10
542,2,1,False,0,1,1,3,14
543,3,1,True,0,1,1,5,9
544,2,4,False,1,0,1,2,11
545,1,2,False,0,0,1,3,9
546,1,3,False,0,1,1,3,13
547,2,1,False,0,1,1,3,11
548,1,3,False,0,1,1,2,13
549,1,1,False,0,0,1,4,11
550,1,1,False,0,0,1,4,6
551,1,2,False,0,0,1,4,12
552,2,1,False,0,1,0,4,10
553,1,2,True,0,0,1,3,11
554,1,2,False,0,0,1,3,13
555,1,2,False,0,0,1,3,11
556,1,1,False,0,0,0,3,8
557,4,1,False,0,0,1,5,11
558,1,1,True,0,0,0,3,0
559,1,1,True,0,1,1,4,10
560,2,3,False,0,1,1,2,13
561,1,1,False,0,0,0,5,11
562,1,1,False,1,0,1,2,13
563,1,2,False,1,1,1,4,8
564,1,1,True,0,0,1,2,10
565,3,1,True,0,1,1,2,11
566,3,1,False,0,0,1,2,11
567,1,2,True,0,0,1,5,1
568,2,1,True,0,0,1,4,10
569,2,1,True,0,1,0,3,9
570,2,2,True,1,0,1,4,8
571,2,1,False,0,1,1,4,10
572,1,1,True,0,0,0,3,8
573,4,2,False,0,1,0,3,8
574,2,1,True,0,1,0,5,8
575,1,2,False,0,0,0,3,11
576,1,2,False,0,0,1,2,18
577,1,2,False,0,0,1,1,13
578,1,2,False,0,0,1,4,17
579,3,1,True,0,1,1,4,10
580,2,2,False,0,1,1,3,18
581,1,2,False,0,1,1,4,10
582,1,2,False,0,1,1,3,13
583,2,2,False,0,1,1,4,15
584,2,2,False,0,1,1,4,11
585,2,2,False,0,1,1,4,14
586,1,2,False,0,1,1,3,10
587,1,1,False,0,1,1,3,11
588,1,2,False,0,1,1,2,13
589,1,2,False,0,1,1,4,11
590,1,2,False,0,1,1,2,13
591,1,2,False,0,1,1,4,17
592,1,2,False,0,1,1,3,14
593,1,2,False,0,0,1,2,16
594,1,2,False,0,1,1,3,14
595,1,1,False,0,1,1,3,11
596,1,2,False,0,1,1,2,16
597,1,2,False,0,0,1,3,14
598,1,2,False,0,0,1,1,10
599,1,2,False,0,0,1,3,13
600,1,2,False,0,1,1,3,12
601,2,2,False,0,1,1,4,12
602,1,1,False,0,1,1,3,10
603,2,1,False,0,0,1,3,12
604,1,2,False,0,1,1,3,16
605,1,1,False,0,0,1,2,14
606,3,1,False,0,1,1,3,12
607,2,1,True,0,0,1,2,16
608,1,2,False,0,0,1,5,11
609,1,2,False,0,1,1,3,15
610,1,2,False,1,1,1,4,12
611,1,2,False,0,0,1,4,15
612,1,1,False,0,0,1,3,13
613,2,4,False,0,1,1,3,13
614,1,3,True,0,0,1,4,8
615,1,2,False,0,0,1,3,12
616,1,2,False,0,1,1,3,15
617,2,1,False,0,0,1,3,13
618,2,3,False,0,1,1,4,12
619,1,4,False,0,1,1,3,12
620,1,2,False,0,0,1,3,12
621,1,2,False,1,0,1,3,13
622,1,2,False,0,1,1,4,11
623,1,1,False,0,0,1,2,11
624,2,2,False,0,0,1,4,15
625,1,2,False,0,0,1,4,10
626,1,2,False,0,0,1,2,10
627,2,1,False,0,0,1,3,13
628,1,3,False,0,1,1,3,13
629,2,2,False,0,1,1,2,11
630,1,3,False,0,1,1,3,12
631,1,2,False,1,0,1,3,14
632,2,2,True,0,0,1,3,10
633,1,3,False,0,1,1,3,16
634,1,2,False,0,1,1,3,8
635,1,2,False,0,1,1,3,17
636,1,2,False,0,0,1,3,11
637,4,2,False,1,1,1,3,11
638,2,3,False,0,1,1,2,16
639,1,2,False,0,1,1,2,12
640,2,2,False,0,1,1,5,13
641,1,2,False,1,1,1,5,13
642,1,2,False,0,1,1,2,14
643,2,2,False,0,0,1,4,9
644,2,3,False,0,1,1,3,12
645,1,2,False,0,1,1,4,16
646,1,1,False,0,0,1,5,10
647,1,2,False,0,1,1,3,13
648,2,2,True,0,0,1,3,10
649,1,2,True,0,0,1,3,10
650,2,1,True,0,0,0,1,7
651,1,1,True,0,1,0,4,8
652,1,1,False,0,1,1,2,9
653,1,2,False,0,1,1,4,15
654,1,3,False,0,1,1,3,10
655,1,1,False,0,0,0,3,11
656,3,2,False,0,1,1,1,13
657,4,1,True,0,0,1,5,8
658,1,2,False,0,0,0,5,8
659,1,1,True,0,0,0,1,10
660,2,3,False,0,1,1,3,15
661,1,2,False,0,1,1,3,14
662,2,2,False,0,1,1,5,15
663,2,2,False,0,0,1,3,12
664,1,1,False,0,1,1,4,15
665,1,1,False,0,1,1,3,15
666,1,2,False,0,0,1,3,12
667,2,3,False,0,0,1,3,15
668,2,3,False,0,0,1,2,11
669,1,2,False,1,0,1,3,10
670,2,3,False,0,0,1,4,11
671,3,1,False,0,0,1,3,16
672,1,2,False,0,0,1,3,11
673,2,1,False,0,0,1,2,13
674,1,1,True,0,0,0,4,5
675,1,2,False,0,0,1,3,10
676,1,1,False,0,0,1,3,11
677,2,1,False,0,0,0,4,7
678,3,2,True,1,0,1,3,10
679,1,1,True,0,0,0,2,6
680,2,1,False,0,1,1,3,12
681,1,1,False,0,0,1,4,13
682,2,1,True,0,1,1,4,10
683,1,2,False,0,0,1,3,13
684,1,4,False,0,1,1,2,17
685,1,2,False,0,0,1,3,11
686,3,2,True,0,1,0,4,11
687,1,3,False,0,1,1,3,14
688,1,3,False,0,0,1,4,14
689,1,2,False,1,0,1,2,13
690,1,2,False,0,0,1,3,14
691,1,2,False,0,1,1,2,16
692,2,1,False,0,0,0,2,10
693,1,4,False,0,1,1,4,12
694,2,2,False,0,1,0,2,12
695,1,2,False,0,0,1,1,15
696,1,2,False,0,0,1,3,11
697,1,3,False,0,1,1,3,12
698,1,3,False,0,1,1,2,13
699,1,3,False,0,1,1,3,13
700,2,1,False,0,0,0,4,9
701,2,2,False,0,1,1,2,16
702,1,2,False,0,1,1,4,14
703,2,2,False,0,1,1,3,12
704,1,2,False,0,1,1,4,14
705,2,2,False,0,0,0,3,10
706,1,2,False,0,1,1,3,12
707,1,4,False,0,1,1,5,16
708,2,2,False,0,0,1,4,13
709,1,2,False,0,1,1,5,18
710,1,2,False,0,0,1,2,15
711,2,2,False,0,0,1,3,16
712,2,2,False,1,0,1,4,12
713,2,2,False,0,0,0,1,10
714,2,1,False,0,1,1,2,12
715,1,2,True,1,1,1,4,13
716,3,3,False,0,0,1,2,15
717,1,2,True,1,0,0,3,10
718,2,1,False,0,1,1,2,10
719,2,1,False,0,0,0,4,11
720,2,1,False,0,1,1,5,10
721,1,1,False,0,0,1,4,13
722,2,4,False,0,1,1,2,18
723,2,2,False,1,1,1,4,13
724,1,2,False,0,0,1,4,14
725,2,2,False,0,1,1,3,14
726,1,2,False,0,0,1,3,12
727,1,3,False,0,0,1,3,18
728,1,3,False,0,0,1,3,14
729,1,3,False,0,1,1,2,15
730,1,2,False,0,1,1,4,17
731,1,2,False,0,1,1,3,16
732,1,3,False,0,0,1,2,18
733,2,4,False,0,0,1,1,19
734,2,3,False,0,1,1,4,15
735,1,1,False,0,0,1,4,15
736,2,2,False,0,1,1,3,13
737,2,2,False,0,0,1,4,14
738,1,4,False,0,0,1,3,17
739,1,1,False,0,0,1,4,17
740,1,2,False,0,0,1,2,15
741,2,1,False,0,0,1,1,13
742,2,3,False,0,1,1,3,8
743,2,3,False,0,0,1,3,16
744,1,4,False,0,1,1,2,18
745,2,3,True,0,1,1,3,11
746,1,1,True,0,1,1,5,15
747,1,2,False,0,1,1,5,11
748,1,2,False,1,0,1,4,11
749,2,2,False,0,1,1,3,15
750,2,2,False,0,1,1,2,14
751,1,1,False,0,1,1,4,17
752,1,3,False,0,1,1,3,17
753,2,1,False,0,0,1,2,15
754,1,3,False,0,1,1,3,17
755,1,2,False,0,0,1,1,14
756,2,2,False,0,1,1,4,10
757,1,2,False,0,0,1,4,13
758,1,1,False,0,1,1,4,14
759,1,1,False,0,1,1,3,17
760,1,2,False,0,0,1,2,17
761,1,2,False,1,0,1,3,13
762,1,2,False,0,1,1,2,14
763,1,1,False,0,0,1,2,11
764,3,3,False,0,1,0,5,11
765,3,2,True,0,0,1,3,9
766,1,1,False,0,1,1,3,10
767,1,2,False,0,0,1,2,13
768,1,3,False,0,1,1,3,10
769,1,3,False,0,0,1,4,17
770,2,3,False,0,0,1,3,15
771,2,3,False,0,1,1,5,14
772,1,3,False,0,1,1,3,13
773,1,1,False,0,1,1,3,17
774,4,1,False,0,0,1,4,10
775,1,3,False,0,1,1,4,13
776,2,3,False,0,0,1,3,15
777,1,1,False,0,1,1,2,11
778,1,4,False,0,1,1,5,12
779,1,1,False,0,0,1,3,10
780,4,2,False,0,1,1,2,10
781,1,3,False,0,0,1,4,15
782,1,1,False,0,0,1,4,15
783,1,2,False,0,1,1,3,12
784,1,2,False,0,1,1,3,12
785,2,4,False,0,1,1,4,14
786,1,3,False,0,0,1,4,14
787,1,2,False,0,0,1,3,15
788,1,4,False,0,0,1,3,15
789,1,2,False,0,0,1,3,16
790,1,2,False,0,1,1,3,13
791,1,2,False,0,1,1,3,17
792,1,2,False,0,0,1,3,14
793,1,3,False,0,0,1,3,14
794,1,3,False,0,0,1,4,17
795,1,3,False,0,0,1,3,17
796,1,3,False,0,0,1,4,14
797,1,3,False,0,1,1,4,13
798,2,2,False,0,1,1,3,15
799,1,2,False,0,1,1,3,16
800,2,1,True,0,0,0,2,11
801,1,1,True,0,0,1,1,13
802,1,3,True,0,1,1,3,12
803,1,2,False,0,1,0,4,12
804,1,2,False,0,1,1,3,15
805,1,2,False,0,1,1,3,17
806,1,3,False,0,0,1,4,15
807,1,2,False,0,1,1,2,17
808,2,2,True,0,1,0,3,10
809,2,3,False,0,0,1,2,15
810,1,1,True,0,0,1,2,11
811,1,2,False,0,0,1,4,18
812,1,3,False,0,0,1,3,17
813,1,1,False,0,0,1,1,14
814,1,1,False,0,0,1,3,11
815,2,2,False,0,0,1,1,17
816,2,1,True,1,0,1,3,10
817,1,2,False,0,1,1,1,13
818,2,1,False,0,0,0,3,11
819,2,2,False,0,1,1,4,12
820,1,1,True,0,0,1,1,10
821,2,1,False,0,0,1,4,11
822,2,2,False,0,0,1,5,17
823,2,1,False,0,0,0,3,9
824,1,2,False,0,0,1,3,11
825,1,3,False,1,0,1,4,11
826,1,2,True,0,0,1,5,10
827,1,1,True,0,0,0,4,7
828,2,1,False,0,0,1,5,14
829,2,4,False,0,1,0,2,11
830,2,2,False,0,0,1,4,10
831,2,1,True,0,0,1,4,8
832,2,1,False,0,1,1,2,12
833,2,1,False,0,0,1,5,12
834,2,1,False,0,0,1,1,16
835,2,2,False,0,1,1,4,0
836,1,2,False,0,0,1,4,9
837,1,2,False,0,1,1,3,14
838,1,2,False,0,1,1,3,8
839,3,2,False,0,0,1,4,11
840,4,2,False,0,1,1,4,9
841,1,2,False,0,1,1,3,11
842,3,1,False,0,1,0,5,9
843,2,3,False,0,1,1,2,17
844,2,1,False,0,0,1,1,13
845,3,2,False,0,0,1,5,15
846,2,2,False,0,0,1,3,11
847,3,2,False,0,0,1,4,11
848,1,3,True,0,0,1,3,8
849,1,3,True,0,0,1,3,8
850,1,2,False,1,0,1,4,9
851,1,2,False,0,0,1,4,15
852,1,1,False,0,1,1,5,11
853,4,4,False,0,0,1,3,13
854,4,3,False,1,0,1,4,10
855,2,2,False,0,1,1,3,11
856,2,1,False,0,1,1,2,14
857,3,2,False,0,0,1,2,14
858,1,3,False,1,0,1,4,12
859,2,1,False,0,1,1,4,11
860,1,2,True,0,1,1,4,8
861,2,1,False,0,0,1,2,11
862,3,2,False,0,1,1,3,14
863,3,1,False,0,0,1,3,13
864,1,2,False,0,1,1,3,13
865,1,2,False,0,0,1,5,12
866,2,2,True,0,1,1,4,12
867,3,1,False,0,1,1,3,16
868,2,1,False,0,1,1,4,10
869,3,1,False,0,1,1,2,11
870,2,3,False,0,1,1,3,14
871,1,1,False,0,0,1,4,8
872,2,1,False,0,1,1,3,11
873,2,2,True,1,0,1,4,8
874,1,1,False,0,1,0,5,10
875,1,1,True,0,0,0,4,10
876,3,1,False,0,1,0,5,11
877,2,1,False,0,0,0,2,9
878,3,2,False,0,0,0,4,11
879,1,1,False,0,0,0,3,8
880,2,2,False,0,0,1,3,11
881,1,1,True,0,1,1,4,10
882,2,3,True,0,0,0,3,10
883,1,3,True,0,1,0,3,9
884,2,1,True,0,1,0,4,10
885,2,1,True,0,0,0,2,10
886,2,2,True,0,0,1,1,9
887,1,2,False,0,0,1,3,10
888,2,1,False,0,1,1,4,10
889,1,2,False,0,1,0,4,9
890,1,1,False,0,1,0,5,13
891,1,1,False,0,1,1,4,14
892,2,4,True,0,1,1,4,10
893,1,2,False,0,1,1,3,14
894,1,1,False,0,1,1,2,16
895,1,1,True,0,1,0,3,7
896,1,1,False,0,1,1,2,13
897,3,4,True,0,0,1,3,9
898,1,4,False,1,1,1,2,14
899,1,3,False,0,0,1,4,13
900,2,1,False,0,1,1,4,11
901,2,2,True,0,1,1,3,10
902,1,3,False,0,0,1,3,10
903,3,1,True,0,0,1,4,9
904,3,2,False,0,0,1,3,18
905,2,2,False,0,1,1,3,17
906,2,2,False,0,0,1,4,10
907,1,2,True,0,0,1,3,7
908,1,1,False,0,1,1,1,8
909,1,1,False,0,0,1,1,7
910,2,2,False,1,0,1,3,10
911,1,2,False,0,1,1,3,16
912,2,1,False,0,1,1,4,15
913,1,2,True,0,0,1,3,8
914,2,2,False,0,1,1,2,0
915,3,2,False,0,0,1,3,8
916,2,2,False,0,1,1,3,10
917,1,2,False,0,0,1,3,8
918,1,4,False,0,1,0,5,6
919,3,2,False,0,0,1,2,8
920,1,3,False,0,0,1,4,16
921,1,1,False,0,0,1,2,14
922,4,3,False,0,0,1,1,10
923,1,1,False,0,0,1,1,9
924,2,1,False,0,0,1,1,11
925,1,1,False,0,1,1,1,9
926,3,2,False,0,0,1,1,10
927,2,2,False,0,0,1,2,8
928,1,2,False,0,0,1,2,16
929,1,1,False,0,0,1,1,12
930,3,2,False,0,1,1,5,10
931,3,4,False,0,1,1,4,14
932,1,1,False,0,1,1,3,12
933,1,3,False,0,0,1,3,11
934,2,2,False,0,1,1,2,10
935,2,1,False,0,0,1,3,11
936,2,2,False,1,0,1,1,11
937,2,3,False,0,0,1,3,12
938,3,1,True,0,1,1,3,8
939,2,1,False,0,1,1,1,12
940,1,2,True,0,1,1,4,8
941,1,2,False,0,0,1,2,16
942,1,1,False,0,0,1,1,11
943,1,2,False,0,1,1,5,11
944,2,2,False,1,0,1,3,18
945,2,2,False,0,0,1,1,13
946,2,2,False,0,0,1,1,13
947,1,2,True,0,1,0,4,10
948,1,1,False,0,0,1,1,12
949,2,1,False,0,1,0,5,10
950,1,3,False,1,0,1,3,13
951,1,1,False,0,0,1,4,11
952,2,2,True,0,1,1,4,10
953,2,1,False,0,1,0,5,10
954,3,1,True,1,0,1,3,13
955,2,1,False,0,1,1,5,10
956,2,2,False,0,1,1,3,10
957,1,2,False,0,1,1,4,12
958,1,1,True,0,1,1,2,0
959,2,1,False,0,0,1,5,10
960,2,1,False,0,1,1,5,9
961,2,1,True,0,0,0,3,9
962,1,1,True,0,0,0,3,0
963,2,1,True,0,1,1,2,9
964,1,2,True,0,1,0,4,8
965,2,1,False,0,1,1,4,8
966,2,1,True,0,1,0,4,9
967,2,2,True,0,1,1,5,7
968,1,1,False,0,1,1,3,10
969,2,1,True,0,0,0,4,10
970,1,1,False,0,0,1,4,10
971,2,1,False,0,0,1,5,11
972,3,2,True,0,0,1,4,11
973,2,2,True,0,0,1,5,10
974,1,1,False,0,0,0,3,9
975,3,1,True,0,0,1,4,10
976,2,2,True,0,0,1,3,8
977,1,1,False,0,0,0,4,7
978,2,1,True,0,0,0,5,0
979,2,1,False,0,0,1,4,11
980,2,3,False,0,0,0,2,8
981,1,2,False,1,1,1,5,0
982,1,2,True,0,1,1,3,8
983,1,1,False,0,0,1,2,9
984,1,1,False,0,0,1,5,10
985,3,2,True,0,1,1,4,7
986,2,2,False,0,1,1,3,14
987,2,1,False,0,0,1,4,13
988,2,2,False,0,0,1,4,14
989,2,2,False,0,1,1,3,18
990,1,1,False,0,1,1,4,17
991,2,2,False,0,0,1,3,18
992,3,2,True,0,1,1,3,0
993,2,1,False,0,0,1,1,11
994,3,1,False,0,1,1,5,14
995,3,1,False,0,0,0,2,14
996,2,2,False,0,0,1,3,10
997,2,3,False,0,0,1,4,13
998,1,2,False,0,1,1,3,0
999,3,2,True,0,0,0,4,10
1000,2,1,True,0,0,0,5,0
1001,2,4,False,0,0,1,2,18
1002,2,2,False,0,1,1,3,12
1003,1,2,False,0,0,1,2,11
1004,2,2,False,0,0,0,1,12
1005,2,2,True,0,1,0,5,0
1006,2,3,False,0,0,1,2,15
1007,2,2,True,0,1,1,5,11
1008,1,2,False,0,0,1,3,10
1009,2,2,False,0,1,1,3,12
1010,2,2,False,0,0,1,2,15
1011,2,1,False,0,0,1,3,14
1012,2,3,False,0,0,1,3,18
1013,3,2,False,0,0,1,3,15
1014,2,2,False,0,0,1,3,13
1015,1,2,False,0,1,1,3,15
1016,2,2,False,0,0,1,2,13
1017,2,2,False,0,0,1,3,9
1018,2,3,False,0,0,1,2,16
1019,3,1,True,0,0,1,2,9
1020,2,1,False,0,0,1,2,10
1021,3,2,False,0,0,1,2,0
1022,3,1,False,0,1,0,3,10
1023,1,3,False,0,1,1,4,12
1024,1,1,False,0,1,1,5,9
1025,2,3,False,0,0,1,4,17
1026,4,3,False,0,0,1,3,12
1027,2,2,True,0,0,1,3,9
1028,1,2,False,0,1,1,4,14
1029,1,2,False,0,0,1,1,16
1030,1,2,False,0,1,1,5,9
1031,1,2,False,0,1,1,2,19
1032,2,1,False,0,1,1,4,0
1033,2,2,False,0,1,1,4,16
1034,2,1,True,0,0,1,3,0
1035,2,1,True,0,0,1,4,0
1036,2,3,False,0,0,1,3,15
1037,2,2,False,0,0,1,5,11
1038,3,1,False,0,1,1,4,10
1039,1,3,True,0,1,1,4,10
1040,1,2,False,0,0,1,3,16
1041,2,2,False,0,1,1,1,9
1042,2,1,False,0,0,1,4,10
1043,3,1,False,0,0,1,4,11
